10,1,2022-05-06,2022-05-07,200,10000,1
1,1,2024-04-25,2024-05-05,500,100,2
3,3,2024-04-26,2024-05-06,600,150,3
5,5,2024-04-27,2024-05-07,700,200,4
7,8,2024-04-28,2024-05-08,800,250,5
9,9,2024-04-29,2024-05-09,900,300,6
11,11,2024-04-26,2024-04-27,400,5000,7
2,7,2023-03-24,2023-04-03,200,500,8
4,10,2023-02-14,2023-02-24,300,600,9
6,6,2023-01-04,2023-01-14,400,700,10
8,4,2023-12-25,2024-01-04,500,800,11
1,11,2023-10-05,2023-10-15,700,1000,12
3,1,2023-09-25,2023-10-05,800,1100,13
5,9,2023-08-15,2023-08-25,900,1200,14
7,3,2023-07-05,2023-07-15,1000,1300,15
9,8,2023-06-25,2023-07-05,200,1400,16
11,5,2023-05-15,2023-05-25,300,1500,17
2,10,2023-04-05,2023-04-15,400,1600,18
4,6,2023-03-26,2023-04-05,500,1700,19
6,4,2023-02-14,2023-02-24,600,1800,20
8,2,2023-01-04,2023-01-14,700,1900,21
1,7,2022-11-15,2022-11-25,900,2100,22
3,10,2022-10-05,2022-10-15,1000,2200,23
5,6,2022-09-25,2022-10-05,200,2300,24
7,4,2022-08-15,2022-08-25,300,2400,25
11,3,2022-06-25,2022-07-05,500,2600,26
2,8,2022-05-15,2022-05-25,600,2700,27
6,11,2022-03-26,2022-04-05,800,2900,28
10,10,2022-01-04,2022-01-14,1000,3100,29
1,6,2021-12-25,2022-01-04,200,3200,30
3,2,2021-11-15,2021-11-25,300,3300,31
5,11,2021-10-05,2021-10-15,400,3400,32
7,7,2021-09-25,2021-10-05,500,3500,33
11,9,2021-07-05,2021-07-15,700,3700,34
2,4,2021-06-25,2021-07-05,800,3800,35
4,8,2021-05-15,2021-05-25,900,3900,36
6,1,2021-04-05,2021-04-15,1000,4000,37